Average 107.3 105.1 105.1 107.3
Boston 106.1 104.4 101.2 101.8
Cleveland 110.7 110.4 109.8 109.3
Golden_State 113.5 111.0 103.6 104.9
Houston 113.1 111.4 103.8 103.8
Indiana 108.7 105.7 105.3 105.9
Miami 106.2 102.8 103.7 104.2
Milwaukee 108.9 106.8 106.8 107.5
Minnesota 112.6 108.9 107.1 109.7
New_Orleans 109.2 106.1 107.0 104.2
Oklahoma_City 109.3 106.0 104.1 105.2
Philadelphia 108.8 106.1 99.7 104.4
Portland 108.2 104.1 104.0 104.3
San_Antonio 108.8 102.3 101.3 103.6
Toronto 111.0 110.9 100.6 106.1
Utah 106.8 105.7 98.5 104.7
Washington 108.8 105.1 105.1 107.3
